# GIMP colorrc
# 
# This file holds a list of recently used colors.

(color-history
    (color-rgba 0.82798815838164552 0.2351054644134698 0.36712283613905777 1)
    (color-rgba 0 0 0 1)
    (color-rgba 0.95162790697674415 0.41536739407442075 0.058790697674418489 1)
    (color-rgba 0.95162790697674415 0.77463821405228916 0.058790697674418489 1)
    (color-rgba 0.95162790697674415 0.058790697674418489 0.49217467510522972 1)
    (color-rgba 0 0.41660445771568733 0.067532305006230392 1)
    (color-rgba 0.95162790697674415 0.088869861546568979 0.058790697674418489 1)
    (color-rgba 0.82962779573644141 0.95162790697674415 0.058790697674418489 1)
    (color-rgba 0.10067526089625545 0.46491022725731973 0.75948434622467775 1)
    (color-rgba 0.75948434622467775 0.5472126113489062 0.10067526089625545 1)
    (color-rgba 1 1 1 1)
    (color-rgba 0.92941176891326904 0.92941176891326904 0.93725490570068359 1)
    (color-rgba 0.85459812623274167 0.096215483234713947 0.51637274210023087 1)
    (color-rgba 0.50220264317180618 0.016852437690329042 0.18362475499233422 1)
    (color-rgba 0.15369126214325649 0.50220264317180618 0.016852437690329042 1)
    (color-rgba 0.14877450255743133 0.17800154496959483 0.29955947136563876 1)
    (color-rgba 0.029447417437838196 0.16548497288488476 0.7312775330396476 1)
    (color-rgba 0.68281938325991187 0.022913402122815802 0.022913402122815802 1)
    (color-rgba 0.70566037735849063 0.089983538052425011 0.089983538052425011 1)
    (color-rgba 0.69811320754716988 0.070279853108775464 0.070279853108775464 1)
    (color-rgba 0.59999999999999998 0.59999999999999998 0.85490196078431369 1)
    (color-rgba 0.1923768519691022 0.79622641509433967 0.57063733302113784 1)
    (color-rgba 0.59245283018867922 0.10735722426237809 0.10735722426237809 1)
    (color-rgba 0.090211472711156121 0.51698113207547169 0.3623544438999951 1)
    (color-rgba 0.086274509803921567 0.35686274509803922 0.25882352941176473 1.0185579797819065e-312)
    (color-rgba 0.086615170317842216 0.35849056603773588 0.25692202197634173 1)
    (color-rgba 0.035294119268655777 0.56862747669219971 0.043137256056070328 1)
    (color-rgba 0.050980392843484879 0.023529412224888802 0.57647061347961426 1)
    (color-rgba 0.97358490566037736 0.078409522603520326 0.078409522603520326 1)
    (color-rgba 0.48697690309909886 0.034418133468405734 0.56981132075471697 1)
    (color-rgba 0.034418133468405734 0.56981132075471697 0.042499540068953831 1)
    (color-rgba 0.052523026417961707 0.023249335190578729 0.57735849056603772 1)
    (color-rgba 0.97358490566037736 0.66618505713896603 0.078409522603520326 1)
    (color-rgba 0.19607843458652496 0.19607843458652496 0.18823529779911041 1)
    (color-rgba 0.088235294117647065 0.088235294117647065 0.084705882621162076 1)
    (color-rgba 0.41503267973856212 0.38209358015870593 0.35574230049482097 1)
    (color-rgba 0.19513683840337617 0.19636363636363641 0.18644100580270798 1)
    (color-rgba 0.25110870406189556 0.26000000000000001 0.18808510638297871 1)
    (color-rgba 0.24705882370471954 0.22745098173618317 0.21176470816135406 1)
    (color-rgba 0.45776475645061387 0.5163398692810458 0.04257057432902242 1)
    (color-rgba 0.57867997186565856 0.65272727272727271 0.053815280464216665 1)
    (color-rgba 0.31968753296993141 0.3545454545454545 0.072606382978723391 1)
    (color-rgba 0.24545454545454548 0.2281552218983349 0.21085589941972924 1)
    (color-rgba 0.28431372549019607 0.27195225998142319 0.064279625342723967 1)
    (color-rgba 0.45098039507865906 0.43137255311012268 0.10196078568696976 1)
    (color-rgba 0.36928104575163401 0.19991154181962856 0.03331858942407806 1)
    (color-rgba 0.52181818181818174 0.28380801966627028 0.045797872340425511 1)
    (color-rgba 0.47636363636363632 0.43518858672530425 0.3940135396518375 1)
    (color-rgba 0.45272727272727276 0.43099286091084932 0.10114119922630564 1)
    (color-rgba 0.19454545454545458 0.19454545454545458 0.19454545454545458 1)
    (color-rgba 0.36727272727272731 0.36727272727272731 0.36727272727272731 1)
    (color-rgba 0.67058825492858887 0.43137255311012268 0.19215686619281769 1)
    (color-rgba 0.52549022436141968 0.32156863808631897 0.10588235408067703 1)
    (color-rgba 0 0.65490198135375977 0 1)
    (color-rgba 0.011764707043766975 0.32156863808631897 0.67450982332229614 1)
    (color-rgba 0.013600101304292751 0.32330605603752077 0.67547169811320762 1)
    (color-rgba 0.65490198135375977 0.11538461538461538 0 1)
    (color-rgba 0.65490198135375977 0.65490198135375977 0 1)
    (color-rgba 0.65384615384615385 0.65384615384615385 0 1)
    (color-rgba 0.050980392843484879 0.30196079611778259 0.56078433990478516 1)
    (color-rgba 0.052830188679245271 0.302741189035244 0.56226415094339621 1)
    (color-rgba 0 0.65384615384615385 0 1)
    (color-rgba 0.89485981308411211 0.46195646549565145 0.35624750852637638 1)
    (color-rgba 0.62850467289719625 0.21193276674342704 0.11021171989192544 1)
    (color-rgba 0.11021171989192544 0.22888627455201072 0.62850467289719625 1)
    (color-rgba 0.4838709677419355 0.057330683381745913 0.40025637105594264 1)
    (color-rgba 0.057330683381745913 0.17587289640492493 0.4838709677419355 1)
    (color-rgba 0.53588516746411485 0.25535467711377285 0.25535467711377285 1)
    (color-rgba 0.32535885167464118 0.32535885167464118 0.32535885167464118 1)
    (color-rgba 0.81818181818181812 0.01098230628431969 0.01098230628431969 1)
    (color-rgba 0.74117648601531982 0.69803923368453979 0.65490198135375977 1)
    (color-rgba 0.8033139590893037 1 0.16107382550335569 1)
    (color-rgba 0 0.4745098352432251 0.60392159223556519 1)
    (color-rgba 0.7129186602870814 0.63446349671481883 0 1)
    (color-rgba 0 0.47450980392156861 0.60392156862745094 6.9351347491561739e-310)
    (color-rgba 0 0.47306609280923062 0.60287081339712922 1)
    (color-rgba 0.028845493463977759 0 0.60287081339712922 1)
    (color-rgba 0 0.60287081339712922 0.54229527712277636 1)
    (color-rgba 0.60287081339712922 0 0 1)
    (color-rgba 0 0.49760765550239272 1 1)
    (color-rgba 1 0.31730769230769229 0 1)
    (color-rgba 0.92344497607655507 0.86496793639179981 0.20452137054044509 1)
    (color-rgba 0 0.63921568627450975 0.40784313725490196 1)
    (color-rgba 0 0.79425837320574166 0.50676607860979828 1)
    (color-rgba 0 0.40191387559808611 0.25643584700736777 1)
    (color-rgba 0.53588516746411485 0.53588516746411485 0.53588516746411485 1)
    (color-rgba 0.27751196172248804 0.27751196172248804 0.27751196172248804 1)
    (color-rgba 0.56937799043062198 0.56937799043062198 0.56937799043062198 1)
    (color-rgba 0.82775119617224879 0.68913257480369017 0 1)
    (color-rgba 0 0.12440191387559851 1 1)
    (color-rgba 1 0 0 1)
    (color-rgba 0.98823529481887817 0.98823529481887817 0.98823529481887817 1)
    (color-rgba 1 0.4114832535885169 0 1)
    (color-rgba 1 0.7177033492822964 0 1)
    (color-rgba 0.39712918660287078 0.34693489359786456 0.31183969686265689 1)
    (color-rgba 0 0.4114832535885169 0 1)
    (color-rgba 0 0.4114832535885169 1 1)
    (color-rgba 0.58851674641148333 0.03554799139398223 0.543538426625371 1)
    (color-rgba 0.99521531100478466 0 0.91426478331540062 1)
    (color-rgba 0.83253588516746413 0.1061622940817572 0.1061622940817572 1)
    (color-rgba 0.51196172248803828 0.46042195176776601 0.46042195176776601 1)
    (color-rgba 0.86602870813397126 0.4010468514177451 0.4010468514177451 1)
    (color-rgba 0.80382775119617222 0.24276677049548825 0.24276677049548825 1)
    (color-rgba 0.85167464114832536 0.4113560347295192 0.28008092225683179 1)
    (color-rgba 0.53110047846889952 0.48476285283067339 0.48476285283067339 1)
    (color-rgba 0.66985645933014348 0.66985645933014348 0.66985645933014348 1)
    (color-rgba 0.43062200956937802 0.19937202982701666 0.13583378825342796 1)
    (color-rgba 0.10991939886323497 0.52024508375164702 0.77990430622009566 1)
    (color-rgba 0.40784314274787903 0.11764705926179886 0.58431375026702881 1)
    (color-rgba 0.78823530673980713 0.44313725829124451 0.74117648601531982 1)
    (color-rgba 0.54901963472366333 0.30588236451148987 0.51764708757400513 1)
    (color-rgba 0.55023923444976075 0.30650910375389356 0.51700331040690939 1)
    (color-rgba 0.78846153846153844 0.44298513214090751 0.74162679425837319 1)
    (color-rgba 0.70334928229665072 0.089688834655277633 0.089688834655277633 1)
    (color-rgba 0.40751211997783193 0.11752994444622845 0.58373205741626788 1)
    (color-rgba 0.10980392247438431 0.11372549086809158 0.12156862765550613 1)
    (color-rgba 0.40784314274787903 0.0078431377187371254 0.0078431377187371254 1)
    (color-rgba 0.33725491166114807 0.32549020648002625 0 1)
    (color-rgba 0.23529411852359772 0.0039215688593685627 0.0039215688593685627 1)
    (color-rgba 0.3490196168422699 0.0078431377187371254 0.0078431377187371254 1)
    (color-rgba 0.475103734439834 0.29395605464622027 0.063249103965674486 1)
    (color-rgba 0.14682801530029352 0.21784232365145229 0.077559960433179601 1)
    (color-rgba 0.35611510791366913 0.0099547513259144876 0.0099547513259144876 1)
    (color-rgba 0.42086330935251792 0.011764706112444401 0.011764706112444401 1)
    (color-rgba 0.17647059261798859 0.16862745583057404 0.13725490868091583 1)
    (color-rgba 0.44398340248962653 0.32714566499235642 0.32714566499235642 1)
    (color-rgba 0.70331950207468874 0.59444651413743044 0.59444651413743044 1)
    (color-rgba 0.51244813278008294 0.27605565047595798 0.27605565047595798 1)
    (color-rgba 0.40784314274787903 0.023529412224888802 0.0078431377187371254 1)
    (color-rgba 0.33817427385892118 0.32414214631290783 0 1)
    (color-rgba 0.25490197539329529 0.011764706112444401 0.011764706112444401 1)
    (color-rgba 0.5372549295425415 0.5372549295425415 0.5372549295425415 1)
    (color-rgba 0.25518672199170123 0.012640828333954244 0.012640828333954244 1)
    (color-rgba 0.34892086330935251 0.0067100169085535909 0.0067100169085535909 1)
    (color-rgba 0.20863309352517986 0.004012175058722766 0.004012175058722766 1)
    (color-rgba 0.23381294964028776 0.0044964030830513752 0.0044964030830513752 1)
    (color-rgba 0.50717703349282295 0.41186859766866835 0.41186859766866835 1)
    (color-rgba 0.34449760765550241 0.33062522077004597 0.33062522077004597 1)
    (color-rgba 0.40669856459330145 0.0081885617032208223 0.0081885617032208223 1)
    (color-rgba 0.76555023923444976 0.5446196332808837 0.5446196332808837 1)
    (color-rgba 1 0.7999999999999996 0 1)
    (color-rgba 0.10654763816190875 0.15590087315465428 0.37799043062200954 1)
    (color-rgba 0.17703349282296654 0.1687164830930285 0.13544844417327642 1)
    (color-rgba 0.54117649793624878 0.5372549295425415 0.5215686559677124 1)
    (color-rgba 0 0.098303610265332672 0.54066985645933019 1)
    (color-rgba 0.28708133971291872 0.19652548087730007 0.27711586242478847 1)
    (color-rgba 0.081179152885263811 0.1259523401422665 0.15311004784688997 1)
    (color-rgba 0 0.33653846153846151 0.54066985645933019 1)
    (color-rgba 0.64705884456634521 0.53869970791647859 0 1)
    (color-rgba 0.41960784792900085 0.3803921639919281 0.17647059261798859 1)
    (color-rgba 0.42105263157894735 0.37988165880485858 0.17520310844224651 1)
    (color-rgba 0.64705884456634521 0 0 1)
    (color-rgba 0.54066985645933019 0 0.48117030287768164 1)
    (color-rgba 0.38755980861244022 0.16126649754343148 0.36265671696369772 1)
    (color-rgba 0.64593301435406691 0 0 1)
    (color-rgba 0.65098041296005249 0.61568629741668701 0.59215688705444336 1)
    (color-rgba 0.0039215688593685627 0.0039215688593685627 0.0039215688593685627 1)
    (color-rgba 1 1 1 6.9438028021263956e-310)
    (color-rgba 0.098039215686274508 0.792156862745098 0 6.9438028021263956e-310)
    (color-rgba 0 0 0 6.9438028021263956e-310)
    (color-rgba 0.92941176470588238 0.68627450980392157 0 6.9438028021263956e-310)
    (color-rgba 0.097527009725747363 0.79146919431279628 0 1)
    (color-rgba 0.07113886107908482 0.46445497630331756 0.015585737459842848 1)
    (color-rgba 0.92941176470588238 0.68627450980392157 0 1)
    (color-rgba 0.92890995260663511 0.68677702657173056 0 1)
    (color-rgba 1 0 0 6.9130959053315094e-310)
    (color-rgba 0.85308056872037918 0 0 1)
    (color-rgba 0.12156862745098039 0.050980392156862744 0.050980392156862744 0)
    (color-rgba 0.12322274881516593 0.051273895480136153 0.051273895480136153 1))

# end of colorrc
